deaths <-
structure(c(0.00141175803822189, 0.0011072493128018, 0.00111168950335713, 
0.000659825425209495), .Dim = c(1L, 4L), .Dimnames = list(NULL, 
    c("nyc$deaths", "up.river$deaths", "long.island$deaths", 
    "nys$deaths")), index = structure(18379, class = "Date"), class = "zoo")
